0, 457 
151.2842187979527 -27.27768287201647
151.2865915529686 -27.27801415350839
151.2828276687341 -27.2984310308679
151.3520540351015 -27.30855012429903
151.3707202088951 -27.33019249237276
151.3690492590373 -27.33144895622873
151.3755490884609 -27.33832983749021
151.3832988844492 -27.33255306842842
151.3768042219145 -27.32567263425815
151.3753885753114 -27.32672494013902
151.3553499568668 -27.30346404326099
151.2899065129539 -27.2939791372511
151.2926151464644 -27.27886375733688
151.3382807798017 -27.28512768320467
151.3396450394638 -27.27635717137828
151.2857993927558 -27.26881206397486
151.2842187979527 -27.27768287201647
